   95.0999986742407        14368.6327684573     
   95.1999986683039        14368.6327684283     
   95.2999986623671        14368.6327683992     
   95.3999986564303        14368.6327683702     
   95.4999986504935        14368.6327683411     
   95.5999986445566        14368.6327683121     
   95.6999986386198        14368.6327682830     
   95.7999986326830        14368.6327682540     
   95.8999986267462        14368.6327682249     
   95.9999986208094        14368.6327681959     
   96.0999986148725        14368.6327681668     
   96.1999986089357        14368.6327681378     
   96.2999986029989        14368.6327681087     
   96.3999985970621        14368.6327680796     
   96.4999985911253        14368.6327680505     
   96.5999985851885        14368.6327680215     
   96.6999985792516        14368.6327679924     
   96.7999985733148        14368.6327679633     
   96.8999985673780        14368.6327679343     
   96.9999985614412        14368.6327679052     
   97.0999985555044        14368.6327678761     
   97.1999985495676        14368.6327678470     
   97.2999985436307        14368.6327678180     
   97.3999985376939        14368.6327677889     
   97.4999985317571        14368.6327677598     
   97.5999985258203        14368.6327677307     
   97.6999985198835        14368.6327677016     
   97.7999985139466        14368.6327676725     
   97.8999985080098        14368.6327676434     
   97.9999985020730        14368.6327676143     
   98.0999984961362        14368.6327675852     
   98.1999984901994        14368.6327675561     
   98.2999984842626        14368.6327675270     
   98.3999984783257        14368.6327674979     
   98.4999984723889        14368.6327674688     
   98.5999984664521        14368.6327674397     
   98.6999984605153        14368.6327674106     
   98.7999984545785        14368.6327673815     
   98.8999984486417        14368.6327673524     
   98.9999984427048        14368.6327673233     
   99.0999984367680        14368.6327672942     
   99.1999984308312        14368.6327672650     
   99.2999984248944        14368.6327672359     
   99.3999984189576        14368.6327672068     
   99.4999984130207        14368.6327671777     
   99.5999984070839        14368.6327671486     
   99.6999984011471        14368.6327671194     
   99.7999983952103        14368.6327670903     
   99.8999983892735        14368.6327670612     
   99.9999983833367        14368.6327670320     
   100.099998377400        15448.7466733755     
   100.199998371463        16316.5528140001     
   100.299998365526        17042.2340532615     
   100.399998359589        17650.6645887230     
   100.499998353653        18155.2226891522     
   100.599998347716        18570.6684776968     
   100.699998341779        18911.0284350544     
   100.799998335842        19188.2839595007     
   100.899998329905        19412.2268857671     
   100.999998323968        19590.7379810830     
   101.099998318032        19730.1528822898     
   101.199998312095        19835.6248970723     
   101.299998306158        19911.4461270213     
   101.399998300221        19961.2952435571     
   101.499998294284        19988.4038533702     
   101.599998288348        19995.6570800846     
   101.699998282411        19985.6515589150     
   101.799998276474        19960.7299179886     
   101.899998270537        19923.0038124525     
   101.999998264600        19874.3719897816     
   102.099998258663        19816.5364013091     
   102.199998252727        19751.0175243048     
   102.299998246790        19679.1691970049     
   102.399998240853        19602.1929333989     
   102.499998234916        19521.1515920913     
   102.599998228979        19436.9822776358     
   102.699998223043        19350.5083884999     
   102.799998217106        19262.4507678155     
   102.899998211169        19173.4379509306     
   102.999998205232        19084.0155337510     
   103.099998199295        18994.6547064179     
   103.199998193358        18905.7600089246     
   103.299998187422        18817.6763704360     
   103.399998181485        18730.6954942445     
   103.499998175548        18645.0616474615     
   103.599998169611        18560.9769100523     
   103.699998163674        18478.6059326574     
   103.799998157738        18398.0802475557     
   103.899998151801        18319.5021723847     
   103.999998145864        18242.9483419488     
   104.099998139927        18168.4728998518     
   104.199998133990        18096.1103785283     
   104.299998128054        18025.8782936235     
   104.399998122117        17957.7794764182     
   104.499998116180        17891.8041660609     
   104.599998110243        17827.9318817664     
   104.699998104306        17766.1330936071     
   104.799998098369        17706.3707092557     
   104.899998092433        17648.6013928643     
   104.999998086496        17592.7767311205     
   105.099998080559        17538.8442605428     
   105.199998074622        17486.7483690556     
   105.299998068685        17436.4310839871     
   105.399998062749        17387.8327577509     
   105.499998056812        17340.8926615844     
   105.599998050875        17295.5494969588     
   105.699998044938        17251.7418334556     
   105.799998039001        17209.4084811955     
   105.899998033064        17168.4888051934     
   105.999998027128        17128.9229883591     
   106.099998021191        17090.6522492304     
   106.199998015254        17053.6190199652     
   106.299998009317        17017.7670895513     
   106.399998003380        16983.0417167145     
   106.499997997444        16949.3897165215     
   106.599997991507        16916.7595242559     
   106.699997985570        16885.1012397569     
   106.799997979633        16854.3666550434     
   106.899997973696        16824.5092677216     
   106.999997967759        16795.4842823985     
   107.099997961823        16767.2486020252     
   107.199997955886        16739.7608108815     
   107.299997949949        16712.9811506838     
   107.399997944012        16686.8714911234     
   107.499997938075        16661.3952959328     
   107.599997932139        16636.5175854834     
   107.699997926202        16612.2048967169     
   107.799997920265        16588.4252411552     
   107.899997914328        16565.1480615745     
   107.999997908391        16542.3441878814     
   108.099997902454        16519.9857926131     
   108.199997896518        16498.0463464299     
   108.299997890581        16476.5005739044     
   108.399997884644        16455.3244098529     
   108.499997878707        16434.4949564121     
   108.599997872770        16413.9904410183     
   108.699997866834        16393.7901754108     
   108.799997860897        16373.8745157669     
   108.899997854960        16354.2248240222     
   108.999997849023        16334.8234304342     
   109.099997843086        16315.6535974063     
   109.199997837149        16296.6994845959     
   109.299997831213        16277.9461152961     
   109.399997825276        16259.3793440848     
   109.499997819339        16240.9858257140     
   109.599997813402        16222.7529852187     
   109.699997807465        16204.6689891990     
   109.799997801529        16186.7227182491     
   109.899997795592        16168.9037404794     
   109.999997789655        16151.2022860923     
   110.099997783718        16133.6092229606     
   110.199997777781        16116.1160331626     
   110.299997771844        16098.7147904212     
   110.399997765908        16081.3981384016     
   110.499997759971        16064.1592698148     
   110.599997754034        16046.9919062823     
   110.699997748097        16029.8902789109     
   110.799997742160        16012.8491095361     
   110.899997736224        15995.8635925849     
   110.999997730287        15978.9293775206     
   111.099997724350        15962.0425518243     
   111.199997718413        15945.1996244767     
   111.299997712476        15928.3975099034     
   111.399997706539        15911.6335123476     
   111.499997700603        15894.9053106398     
   111.599997694666        15878.2109433320     
   111.699997688729        15861.5487941697     
   111.799997682792        15844.9175778772     
   111.899997676855        15828.3163262259     
   111.999997670919        15811.7443743776     
   112.099997664982        15795.2013474692     
   112.199997659045        15778.6871474247     
   112.299997653108        15762.2019399762     
   112.399997647171        15745.7461419364     
   112.499997641234        15729.3204085868     
   112.599997635298        15712.9256212906     
   112.699997629361        15696.5628752732     
   112.799997623424        15680.2334675728     
   112.899997617487        15663.9388851532     
   112.999997611550        15647.6807931776     
   113.099997605614        15631.4610234461     
   113.199997599677        15615.2815629928     
   113.299997593740        15599.1445428456     
   113.399997587803        15583.0522269541     
   113.499997581866        15567.0070012836     
   113.599997575929        15551.0113630883     
   113.699997569993        15535.0679103603     
   113.799997564056        15519.1793314675     
   113.899997558119        15503.3483949856     
   113.999997552182        15487.5779397293     
   114.099997546245        15471.8708649939     
   114.199997540309        15456.2301210147     
   114.299997534372        15440.6586996514     
   114.399997528435        15425.1596253072     
   114.499997522498        15409.7359460919     
   114.599997516561        15394.3907252346     
   114.699997510624        15379.1270327584     
   114.799997504688        15363.9479374226     
   114.899997498751        15348.8564989401     
   114.999997492814        15333.8557604777     
   115.099997486877        15318.9487414479     
   115.199997480940        15304.1384305948     
   115.299997475004        15289.4277793841     
   115.399997469067        15274.8196956989     
   115.499997463130        15260.3170378470     
   115.599997457193        15245.9226088839     
   115.699997451256        15231.6391512531     
   115.799997445319        15217.4693417471     
   115.899997439383        15203.4157867893     
   115.999997433446        15189.4810180381     
   116.099997427509        15175.6674883123     
   116.199997421572        15161.9775678380     
   116.299997415635        15148.4135408123     
   116.399997409699        15134.9776022837     
   116.499997403762        15121.6718553469     
   116.599997397825        15108.4983086414     
   116.699997391888        15095.4588741568     
   116.799997385951        15082.5553653348     
   116.899997380014        15069.7894954616     
   116.999997374078        15057.1628763458     
   117.099997368141        15044.6770172700     
   117.199997362204        15032.3333242169     
   117.299997356267        15020.1330993498     
   117.399997350330        15008.0775407463     
   117.499997344394        14996.1677423762     
   117.599997338457        14984.4046943057     
   117.699997332520        14972.7892831304     
   117.799997326583        14961.3222926136     
   117.899997320646        14950.0044045339     
   117.999997314709        14938.8361997092     
   118.099997308773        14927.8181592180     
   118.199997302836        14916.9506657742     
   118.299997296899        14906.2340052746     
   118.399997290962        14895.6683684680     
   118.499997285025        14885.2538528153     
   118.599997279089        14874.9904643896     
   118.699997273152        14864.8781199550     
   118.799997267215        14854.9166491430     
   118.899997261278        14845.1057967293     
   118.999997255341        14835.4452249444     
   119.099997249404        14825.9345159128     
   119.199997243468        14816.5731741365     
   119.299997237531        14807.3606290323     
   119.399997231594        14798.2962375172     
   119.499997225657        14789.3792866401     
   119.599997219720        14780.6089962299     
   119.699997213784        14771.9845215754     
   119.799997207847        14763.5049561157     
   119.899997201910        14755.1693341388     
   119.999997195973        14746.9766334793     
   120.099997190036        14738.9257782135     
   120.199997184100        14731.0156413357     
   120.299997178163        14723.2450474267     
   120.399997172226        14715.6127752868     
   120.499997166289        14708.1175605511     
   120.599997160352        14700.7580982667     
   120.699997154415        14693.5330454352     
   120.799997148479        14686.4410235131     
   120.899997142542        14679.4806208678     
   120.999997136605        14672.6503951867     
   121.099997130668        14665.9488758359     
   121.199997124731        14659.3745661649     
   121.299997118795        14652.9259457568     
   121.399997112858        14646.6014726213     
   121.499997106921        14640.3995853264     
   121.599997100984        14634.3187050748     
   121.699997095047        14628.3572377111     
   121.799997089110        14622.5135756724     
   121.899997083174        14616.7860998734     
   121.999997077237        14611.1731815277     
   122.099997071300        14605.6731839031     
   122.199997065363        14600.2844640154     
   122.299997059426        14595.0053742565     
   122.399997053490        14589.8342639568     
   122.499997047553        14584.7694808861     
   122.599997041616        14579.8093726899     
   122.699997035679        14574.9522882632     
   122.799997029742        14570.1965790622     
   122.899997023805        14565.5406003548     
   122.999997017869        14560.9827124109     
   123.099997011932        14556.5212816339     
   123.199997005995        14552.1546816333     
   123.299997000058        14547.8812942418     
   123.399996994121        14543.6995104745     
   123.499996988185        14539.6077314358     
   123.599996982248        14535.6043691724     
   123.699996976311        14531.6878474742     
   123.799996970374        14527.8566026264     
   123.899996964437        14524.1090841109     
   123.999996958500        14520.4437552619     
   124.099996952564        14516.8590938746     
   124.199996946627        14513.3535927699     
   124.299996940690        14509.9257603158     
   124.399996934753        14506.5741209091     
   124.499996928816        14503.2972154134     
   124.599996922880        14500.0936015623     
   124.699996916943        14496.9618543255     
   124.799996911006        14493.9005662344     
   124.899996905069        14490.9083476800     
   124.999996899132        14487.9838271741     
   125.099996893195        14485.1256515805     
   125.199996887259        14482.3324863153     
   125.299996881322        14479.6030155194     
   125.399996875385        14476.9359422030     
   125.499996869448        14474.3299883650     
   125.599996863511        14471.7838950862     
   125.699996857575        14469.2964225999     
   125.799996851638        14466.8663503396     
   125.899996845701        14464.4924769664     
   125.999996839764        14462.1736203733     
   126.099996833827        14459.9086176750     
   126.199996827890        14457.6963251771     
   126.299996821954        14455.5356183258     
   126.399996816017        14453.4253916488     
   126.499996810080        14451.3645586722     
   126.599996804143        14449.3520518323     
   126.699996798206        14447.3868223654     
   126.799996792270        14445.4678401941     
   126.899996786333        14443.5940937940     
   126.999996780396        14441.7645900546     
   127.099996774459        14439.9783541296     
   127.199996768522        14438.2344292772     
   127.299996762585        14436.5318766914     
   127.399996756649        14434.8697753261     
   127.499996750712        14433.2472217125     
   127.599996744775        14431.6633297693     
   127.699996738838        14430.1172306069     
   127.799996732901        14428.6080723263     
   127.899996726965        14427.1350198132     
   127.999996721028        14425.6972545278     
   128.099996715091        14424.2939742901     
   128.199996709154        14422.9243930617     
   128.299996703217        14421.5877407256     
   128.399996697280        14420.2832628641     
   128.499996691344        14419.0102205326     
   128.599996685407        14417.7678900280     
   128.699996679470        14416.5555626683     
   128.799996673533        14415.3725445558     
   128.899996667596        14414.2181563475     
   128.999996661660        14413.0917330284     
   129.099996655723        14411.9926236716     
   129.199996649786        14410.9201912166     
   129.299996643849        14409.8738122293     
   129.399996637912        14408.8528766761     
   129.499996631975        14407.8567876955     
   129.599996626039        14406.8849613614     
   129.699996620102        14405.9368264633     
   129.799996614165        14405.0118242770     
   129.899996608228        14404.1094083356     
   129.999996602291        14403.2290442090     
   130.099996596355        14402.3702092833     
   130.199996590418        14401.5323925392     
   130.299996584481        14400.7150943320     
   130.399996578544        14399.9178261778     
   130.499996572607        14399.1401105381     
   130.599996566670        14398.3814806098     
   130.699996560734        14397.6414801149     
   130.799996554797        14396.9196630943     
   130.899996548860        14396.2155937024     
   130.999996542923        14395.5288460066     
   131.099996536986        14394.8590037871     
   131.199996531050        14394.2056603415     
   131.299996525113        14393.5684182898     
   131.399996519176        14392.9468893847     
   131.499996513239        14392.3406943222     
   131.599996507302        14391.7494625566     
   131.699996501365        14391.1728321158     
   131.799996495429        14390.6104494235     
   131.899996489492        14390.0619691248     
   131.999996483555        14389.5270539091     
   132.099996477618        14389.0053743371     
   132.199996471681        14388.4966086690     
   132.299996465745        14388.0004427117     
   132.399996459808        14387.5165696488     
   132.499996453871        14387.0446898709     
   132.599996447934        14386.5845108315     
   132.699996441997        14386.1357468966     
   132.799996436060        14385.6981191700     
   132.899996430124        14385.2713553694     
   132.999996424187        14384.8551896735     
   133.099996418250        14384.4493625582     
   133.199996412313        14384.0536206973     
   133.299996406376        14383.6677167774     
   133.399996400440        14383.2914094018     
   133.499996394503        14382.9244629336     
   133.599996388566        14382.5666473728     
   133.699996382629        14382.2177382357     
   133.799996376692        14381.8775164130     
   133.899996370756        14381.5457680695     
   133.999996364819        14381.2222845011     
   134.099996358882        14380.9068620356     
   134.199996352945        14380.5993019086     
   134.299996347008        14380.2994101438     
   134.399996341071        14380.0069974702     
   134.499996335135        14379.7218791628     
   134.599996329198        14379.4438750060     
   134.699996323261        14379.1728091170     
   134.799996317324        14378.9085099005     
   134.899996311387        14378.6508099272     
   134.999996305451        14378.3995458131     
   135.099996299514        14378.1545581846     
   135.199996293577        14377.9156915249     
   135.299996287640        14377.6827940997     
   135.399996281703        14377.4557179063     
   135.499996275766        14377.2343185280     
   135.599996269830        14377.0184550731     
   135.699996263893        14376.8079901238     
   135.799996257956        14376.6027896014     
   135.899996252019        14376.4027226988     
   135.999996246082        14376.2076618484     
   136.099996240146        14376.0174825932     
   136.199996234209        14375.8320635152     
   136.299996228272        14375.6512861951     
   136.399996222335        14375.4750351313     
   136.499996216398        14375.3031976484     
   136.599996210461        14375.1356638291     
   136.699996204525        14374.9723264886     
   136.799996198588        14374.8130810788     
   136.899996192651        14374.6578256196     
   136.999996186714        14374.5064606346     
   137.099996180777        14374.3588891155     
   137.199996174841        14374.2150164604     
   137.299996168904        14374.0747503902     
   137.399996162967        14373.9380009047     
   137.499996157030        14373.8046802165     
   137.599996151093        14373.6747027358     
   137.699996145156        14373.5479849864     
   137.799996139220        14373.4244455512     
   137.899996133283        14373.3040050299     
   137.999996127346        14373.1865859799     
   138.099996121409        14373.0721128872     
   138.199996115472        14372.9605121274     
   138.299996109536        14372.8517118873     
   138.399996103599        14372.7456421364     
   138.499996097662        14372.6422345829     
   138.599996091725        14372.5414226241     
   138.699996085788        14372.4431413131     
   138.799996079851        14372.3473273405     
   138.899996073915        14372.2539189561     
   138.999996067978        14372.1628559438     
   139.099996062041        14372.0740795862     
   139.199996056104        14371.9875326272     
   139.299996050167        14371.9031592324     
   139.399996044231        14371.8209049511     
   139.499996038294        14371.7407167137     
   139.599996032357        14371.6625427640     
   139.699996026420        14371.5863326309     
   139.799996020483        14371.5120371018     
   139.899996014546        14371.4396081911     
   139.999996008610        14371.3689991109     
   140.099996002673        14371.3001642402     
   140.199995996736        14371.2330590917     
   140.299995990799        14371.1676402845     
   140.399995984862        14371.1038655437     
   140.499995978926        14371.0416936404     
   140.599995972989        14370.9810843714     
   140.699995967052        14370.9219985381     
   140.799995961115        14370.8643979211     
   140.899995955178        14370.8082452569     
   140.999995949241        14370.7535042132     
   141.099995943305        14370.7001393662     
   141.199995937368        14370.6481161780     
   141.299995931431        14370.5974009731     
   141.399995925494        14370.5479609124     
   141.499995919557        14370.4997639845     
   141.599995913621        14370.4527789945     
   141.699995907684        14370.4069755139     
   141.799995901747        14370.3623238767     
   141.899995895810        14370.3187951584     
   141.999995889873        14370.2763611596     
   142.099995883936        14370.2349943879     
   142.199995878000        14370.1946680371     
   142.299995872063        14370.1553559755     
   142.399995866126        14370.1170327242     
   142.499995860189        14370.0796734427     
   142.599995854252        14370.0432539145     
   142.699995848316        14370.0077505278     
   142.799995842379        14369.9731402652     
   142.899995836442        14369.9394006831     
   142.999995830505        14369.9065098971     
   143.099995824568        14369.8744465733     
   143.199995818631        14369.8431899254     
   143.299995812695        14369.8127196844     
   143.399995806758        14369.7830160840     
   143.499995800821        14369.7540598543     
   143.599995794884        14369.7258322070     
   143.699995788947        14369.6983148301     
   143.799995783011        14369.6714898648     
   143.899995777074        14369.6453399057     
   143.999995771137        14369.6198479799     
   144.099995765200        14369.5949975462     
   144.199995759263        14369.5707724730     
   144.299995753326        14369.5471570350     
   144.399995747390        14369.5241359030     
   144.499995741453        14369.5016941339     
   144.599995735516        14369.4798171561     
   144.699995729579        14369.4584907666     
   144.799995723642        14369.4377011193     
   144.899995717706        14369.4174347135     
   144.999995711769        14369.3976783897     
   145.099995705832        14369.3784193176     
   145.199995699895        14369.3596449895     
   145.299995693958        14369.3413432124     
   145.399995688021        14369.3235021016     
   145.499995682085        14369.3061100652     
   145.599995676148        14369.2891558065     
   145.699995670211        14369.2726283137     
   145.799995664274        14369.2565168419     
   145.899995658337        14369.2408109278     
   145.999995652401        14369.2255003660     
   146.099995646464        14369.2105752206     
   146.199995640527        14369.1960257932     
   146.299995634590        14369.1818426254     
   146.399995628653        14369.1680165068     
   146.499995622716        14369.1545384527     
   146.599995616780        14369.1413997003     
   146.699995610843        14369.1285917129     
   146.799995604906        14369.1161061680     
   146.899995598969        14369.1039349514     
   146.999995593032        14369.0920701527     
   147.099995587096        14369.0805040592     
   147.199995581159        14369.0692291538     
   147.299995575222        14369.0582381080     
   147.399995569285        14369.0475237774     
   147.499995563348        14369.0370792003     
   147.599995557411        14369.0268975831     
   147.699995551475        14369.0169723103     
   147.799995545538        14369.0072969272     
   147.899995539601        14368.9978651474     
   147.999995533664        14368.9886708376     
   148.099995527727        14368.9797080240     
   148.199995521791        14368.9709708769     
   148.299995515854        14368.9624537142     
   148.399995509917        14368.9541509943     
   148.499995503980        14368.9460573297     
   148.599995498043        14368.9381674539     
   148.699995492106        14368.9304762371     
   148.799995486170        14368.9229786704     
   148.899995480233        14368.9156698935     
   148.999995474296        14368.9085451483     
   149.099995468359        14368.9015997904     
   149.199995462422        14368.8948293203     
   149.299995456486        14368.8882293295     
   149.399995450549        14368.8817955184     
   149.499995444612        14368.8755237209     
   149.599995438675        14368.8694098340     
   149.699995432738        14368.8634499078     
   149.799995426802        14368.8576400469     
   149.899995420865        14368.8519764842     
   149.999995414928        14368.8464555327     
