   95.0999986742407        14368.6327684573     
   95.1999986683039        14368.6327684283     
   95.2999986623671        14368.6327683992     
   95.3999986564303        14368.6327683702     
   95.4999986504935        14368.6327683411     
   95.5999986445566        14368.6327683121     
   95.6999986386198        14368.6327682830     
   95.7999986326830        14368.6327682540     
   95.8999986267462        14368.6327682249     
   95.9999986208094        14368.6327681959     
   96.0999986148725        14368.6327681668     
   96.1999986089357        14368.6327681378     
   96.2999986029989        14368.6327681087     
   96.3999985970621        14368.6327680796     
   96.4999985911253        14368.6327680505     
   96.5999985851885        14368.6327680215     
   96.6999985792516        14368.6327679924     
   96.7999985733148        14368.6327679633     
   96.8999985673780        14368.6327679343     
   96.9999985614412        14368.6327679052     
   97.0999985555044        14368.6327678761     
   97.1999985495676        14368.6327678470     
   97.2999985436307        14368.6327678180     
   97.3999985376939        14368.6327677889     
   97.4999985317571        14368.6327677598     
   97.5999985258203        14368.6327677307     
   97.6999985198835        14368.6327677016     
   97.7999985139466        14368.6327676725     
   97.8999985080098        14368.6327676434     
   97.9999985020730        14368.6327676143     
   98.0999984961362        14368.6327675852     
   98.1999984901994        14368.6327675561     
   98.2999984842626        14368.6327675270     
   98.3999984783257        14368.6327674979     
   98.4999984723889        14368.6327674688     
   98.5999984664521        14368.6327674397     
   98.6999984605153        14368.6327674106     
   98.7999984545785        14368.6327673815     
   98.8999984486417        14368.6327673524     
   98.9999984427048        14368.6327673233     
   99.0999984367680        14368.6327672942     
   99.1999984308312        14368.6327672650     
   99.2999984248944        14368.6327672359     
   99.3999984189576        14368.6327672068     
   99.4999984130207        14368.6327671777     
   99.5999984070839        14368.6327671486     
   99.6999984011471        14368.6327671194     
   99.7999983952103        14368.6327670903     
   99.8999983892735        14368.6327670612     
   99.9999983833367        14368.6327670320     
   100.099998377400        15215.4140101076     
   100.199998371463        15619.2273932351     
   100.299998365526        15878.6623408237     
   100.399998359589        16082.6105883930     
   100.499998353653        16252.6929170382     
   100.599998347716        16396.6497770733     
   100.699998341779        16518.9303847180     
   100.799998335842        16622.8773215161     
   100.899998329905        16711.2322391385     
   100.999998323968        16786.2828894215     
   101.099998318032        16849.9189395095     
   101.199998312095        16903.6675954812     
   101.299998306158        16948.7421761492     
   101.399998300221        16986.1128305354     
   101.499998294284        17016.5852241931     
   101.599998288348        17040.8663042956     
   101.699998282411        17059.6061749743     
   101.799998276474        17073.4175494544     
   101.899998270537        17082.8803117903     
   101.999998264600        17088.5388190709     
   102.099998258663        17090.8971937644     
   102.199998252727        17090.4153961512     
   102.299998246790        17087.5071597921     
   102.399998240853        17082.5399187063     
   102.499998234916        17075.8364138960     
   102.599998228979        17067.6775168033     
   102.699998223043        17058.3058053408     
   102.799998217106        17047.9294955633     
   102.899998211169        17036.7264252820     
   102.999998205232        17024.8478805897     
   103.099998199295        17012.4221381713     
   103.199998193358        16999.5576596327     
   103.299998187422        16986.3459185164     
   103.399998181485        16972.8638690405     
   103.499998175548        16959.1760817085     
   103.599998169611        16945.3365786633     
   103.699998163674        16931.3904039843     
   103.799998157738        16917.3749632614     
   103.899998151801        16903.3211642622     
   103.999998145864        16889.2543872404     
   104.099998139927        16875.1953098292     
   104.199998133990        16861.1606085777     
   104.299998128054        16847.1635553555     
   104.399998122117        16833.2145249165     
   104.499998116180        16819.3214270541     
   104.599998110243        16805.4900748868     
   104.699998104306        16791.7244990480     
   104.799998098369        16778.0272160478     
   104.899998092433        16764.3994578152     
   104.999998086496        16750.8413683609     
   105.099998080559        16737.3521725265     
   105.199998074622        16723.9303211340     
   105.299998068685        16710.5736160983     
   105.399998062749        16697.2793184842     
   105.499998056812        16684.0442421060     
   105.599998050875        16670.8648347988     
   105.699998044938        16657.7372491601     
   105.799998039001        16644.6574042671     
   105.899998033064        16631.6210396292     
   105.999998027128        16618.6237624217     
   106.099998021191        16605.6610888711     
   106.199998015254        16592.7284805137     
   106.299998009317        16579.8213759359     
   106.399998003380        16566.9352184935     
   106.499997997444        16554.0654804395     
   106.599997991507        16541.2076838260     
   106.699997985570        16528.3574184866     
   106.799997979633        16515.5103573731     
   106.899997973696        16502.6622696126     
   106.999997967759        16489.8090311973     
   107.099997961823        16476.9466339759     
   107.199997955886        16464.0711928033     
   107.299997949949        16451.1789511972     
   107.399997944012        16438.2662856609     
   107.499997938075        16425.3297088643     
   107.599997932139        16412.3658718507     
   107.699997926202        16399.3715654436     
   107.799997920265        16386.3437209993     
   107.899997914328        16373.2794106573     
   107.999997908391        16360.1758472120     
   108.099997902454        16347.0303837264     
   108.199997896518        16333.8405129874     
   108.299997890581        16320.6038668897     
   108.399997884644        16307.3182158217     
   108.499997878707        16293.9814681104     
   108.599997872770        16280.5916695721     
   108.699997866834        16267.1470031969     
   108.799997860897        16253.6457889926     
   108.899997854960        16240.0864839943     
   108.999997849023        16226.4676824438     
   109.099997843086        16212.7881161307     
   109.199997837149        16199.0466548794     
   109.299997831213        16185.2423071746     
   109.399997825276        16171.3742208875     
   109.499997819339        16157.4416840881     
   109.599997813402        16143.4441259221     
   109.699997807465        16129.3811175018     
   109.799997801529        16115.2523728068     
   109.899997795592        16101.0577495550     
   109.999997789655        16086.7972499857     
   110.099997783718        16072.4710216232     
   110.199997777781        16058.0793578734     
   110.299997771844        16043.6226984927     
   110.399997765908        16029.1016299114     
   110.499997759971        16014.5168853675     
   110.599997754034        15999.8693448555     
   110.699997748097        15985.1600348499     
   110.799997742160        15970.3901278022     
   110.899997736224        15955.5609413967     
   110.999997730287        15940.6739375515     
   111.099997724350        15925.7307211598     
   111.199997718413        15910.7330385592     
   111.299997712476        15895.6827757281     
   111.399997706539        15880.5819562044     
   111.499997700603        15865.4327387226     
   111.599997694666        15850.2374145710     
   111.699997688729        15834.9984046700     
   111.799997682792        15819.7182563727     
   111.899997676855        15804.3996399927     
   111.999997670919        15789.0453450642     
   112.099997664982        15773.6582763411     
   112.199997659045        15758.2414495418     
   112.299997653108        15742.7979868497     
   112.399997647171        15727.3311121783     
   112.499997641234        15711.8441462123     
   112.599997635298        15696.3405012370     
   112.699997629361        15680.8236757674     
   112.799997623424        15665.2972489913     
   112.899997617487        15649.7648750413     
   112.999997611550        15634.2302770999     
   113.099997605614        15618.6972414147     
   113.199997599677        15603.1696110814     
   113.299997593740        15587.6512798306     
   113.399997587803        15572.1461856657     
   113.499997581866        15556.6583044382     
   113.599997575929        15541.1916433666     
   113.699997569993        15525.7502345187     
   113.799997564056        15510.3381282713     
   113.899997558119        15494.9593867693     
   113.999997552182        15479.6180773997     
   114.099997546245        15464.3182662985     
   114.199997540309        15449.0640119093     
   114.299997534372        15433.8593586084     
   114.399997528435        15418.7083304172     
   114.499997522498        15403.6149248136     
   114.599997516561        15388.5831066628     
   114.699997510624        15373.6168022786     
   114.799997504688        15358.7198936349     
   114.899997498751        15343.8962127366     
   114.999997492814        15329.1495361652     
   115.099997486877        15314.4835798125     
   115.199997480940        15299.9019938132     
   115.299997475004        15285.4083576869     
   115.399997469067        15271.0061756984     
   115.499997463130        15256.6988724476     
   115.599997457193        15242.4897886950     
   115.699997451256        15228.3821774309     
   115.799997445319        15214.3792001920     
   115.899997439383        15200.4839236336     
   115.999997433446        15186.6993163587     
   116.099997427509        15173.0282460084     
   116.199997421572        15159.4734766145     
   116.299997415635        15146.0376662166     
   116.399997409699        15132.7233647405     
   116.499997403762        15119.5330121432     
   116.599997397825        15106.4689368165     
   116.699997391888        15093.5333542485     
   116.799997385951        15080.7283659426     
   116.899997380014        15068.0559585840     
   116.999997374078        15055.5180034549     
   117.099997368141        15043.1162560895     
   117.199997362204        15030.8523561607     
   117.299997356267        15018.7278275971     
   117.399997350330        15006.7440789162     
   117.499997344394        14994.9024037746     
   117.599997338457        14983.2039817159     
   117.699997332520        14971.6498791186     
   117.799997326583        14960.2410503263     
   117.899997320646        14948.9783389570     
   117.999997314709        14937.8624793787     
   118.099997308773        14926.8940983417     
   118.199997302836        14916.0737167611     
   118.299997296899        14905.4017516354     
   118.399997290962        14894.8785180895     
   118.499997285025        14884.5042315593     
   118.599997279089        14874.2790100271     
   118.699997273152        14864.2028764320     
   118.799997267215        14854.2757611138     
   118.899997261278        14844.4975043426     
   118.999997255341        14834.8678589508     
   119.099997249404        14825.3864929930     
   119.199997243468        14816.0529924751     
   119.299997237531        14806.8668641147     
   119.399997231594        14797.8275381477     
   119.499997225657        14788.9343711581     
   119.599997219720        14780.1866489234     
   119.699997213784        14771.5835892786     
   119.799997207847        14763.1243449830     
   119.899997201910        14754.8080065817     
   119.999997195973        14746.6336052636     
   120.099997190036        14738.6001157048     
   120.199997184100        14730.7064588863     
   120.299997178163        14722.9515048977     
   120.399997172226        14715.3340756990     
   120.499997166289        14707.8529478561     
   120.599997160352        14700.5068552338     
   120.699997154415        14693.2944916467     
   120.799997148479        14686.2145134627     
   120.899997142542        14679.2655421580     
   120.999997136605        14672.4461668215     
   121.099997130668        14665.7549465976     
   121.199997124731        14659.1904130776     
   121.299997118795        14652.7510726293     
   121.399997112858        14646.4354086640     
   121.499997106921        14640.2418838426     
   121.599997100984        14634.1689422144     
   121.699997095047        14628.2150112960     
   121.799997089110        14622.3785040773     
   121.899997083174        14616.6578209671     
   121.999997077237        14611.0513516675     
   122.099997071300        14605.5574769839     
   122.199997065363        14600.1745705654     
   122.299997059426        14594.9010005805     
   122.399997053490        14589.7351313252     
   122.499997047553        14584.6753247643     
   122.599997041616        14579.7199420082     
   122.699997035679        14574.8673447252     
   122.799997029742        14570.1158964880     
   122.899997023805        14565.4639640584     
   122.999997017869        14560.9099186105     
   123.099997011932        14556.4521368925     
   123.199997005995        14552.0890023274     
   123.299997000058        14547.8189060584     
   123.399996994121        14543.6402479347     
   123.499996988185        14539.5514374416     
   123.599996982248        14535.5508945776     
   123.699996976311        14531.6370506787     
   123.799996970374        14527.8083491892     
   123.899996964437        14524.0632463846     
   123.999996958500        14520.4002120461     
   124.099996952564        14516.8177300864     
   124.199996946627        14513.3142991319     
   124.299996940690        14509.8884330612     
   124.399996934753        14506.5386614989     
   124.499996928816        14503.2635302719     
   124.599996922880        14500.0616018251     
   124.699996916943        14496.9314555975     
   124.799996911006        14493.8716883649     
   124.899996905069        14490.8809145465     
   124.999996899132        14487.9577664779     
   125.099996893195        14485.1008946532     
   125.199996887259        14482.3089679344     
   125.299996881322        14479.5806737341     
   125.399996875385        14476.9147181686     
   125.499996869448        14474.3098261863     
   125.599996863511        14471.7647416677     
   125.699996857575        14469.2782275048     
   125.799996851638        14466.8490656561     
   125.899996845701        14464.4760571797     
   125.999996839764        14462.1580222461     
   126.099996833827        14459.8938001316     
   126.199996827890        14457.6822491949     
   126.299996821954        14455.5222468327     
   126.399996816017        14453.4126894244     
   126.499996810080        14451.3524922558     
   126.599996804143        14449.3405894341     
   126.699996798206        14447.3759337830     
   126.799996792270        14445.4574967324     
   126.899996786333        14443.5842681904     
   126.999996780396        14441.7552564067     
   127.099996774459        14439.9694878282     
   127.199996768522        14438.2260069409     
   127.299996762585        14436.5238761049     
   127.399996756649        14434.8621753831     
   127.499996750712        14433.2400023596     
   127.599996744775        14431.6564719535     
   127.699996738838        14430.1107162260     
   127.799996732901        14428.6018841818     
   127.899996726965        14427.1291415647     
   127.999996721028        14425.6916706503     
   128.099996715091        14424.2886700340     
   128.199996709154        14422.9193544136     
   128.299996703217        14421.5829543719     
   128.399996697280        14420.2787161563     
   128.499996691344        14419.0059014541     
   128.599996685407        14417.7637871630     
   128.699996679470        14416.5516651710     
   128.799996673533        14415.3688421235     
   128.899996667596        14414.2146391920     
   128.999996661660        14413.0883918519     
   129.099996655723        14411.9894496413     
   129.199996649786        14410.9171759423     
   129.299996643849        14409.8709477406     
   129.399996637912        14408.8501554024     
   129.499996631975        14407.8542024452     
   129.599996626039        14406.8825053036     
   129.699996620102        14405.9344931100     
   129.799996614165        14405.0096074657     
   129.899996608228        14404.1073022131     
   129.999996602291        14403.2270432158     
   130.099996596355        14402.3683081397     
   130.199996590418        14401.5305862304     
   130.299996584481        14400.7133780957     
   130.399996578544        14399.9161954906     
   130.499996572607        14399.1385611051     
   130.599996566670        14398.3800083517     
   130.699996560734        14397.6400811580     
   130.799996554797        14396.9183337596     
   130.899996548860        14396.2143304967     
   130.999996542923        14395.5276456125     
   131.099996536986        14394.8578630545     
   131.199996531050        14394.2045762790     
   131.299996525113        14393.5673880570     
   131.399996519176        14392.9459102841     
   131.499996513239        14392.3397637928     
   131.599996507302        14391.7485781665     
   131.699996501365        14391.1719915556     
   131.799996495429        14390.6096505005     
   131.899996489492        14390.0612097567     
   131.999996483555        14389.5263321190     
   132.099996477618        14389.0046882477     
   132.199996471681        14388.4959564976     
   132.299996465745        14387.9998227656     
   132.399996459808        14387.5159803205     
   132.499996453871        14387.0441296341     
   132.599996447934        14386.5839782370     
   132.699996441997        14386.1352405680     
   132.799996436060        14385.6976378004     
   132.899996430124        14385.2708977172     
   132.999996424187        14384.8547545601     
   133.099996418250        14384.4489488642     
   133.199996412313        14384.0532273595     
   133.299996406376        14383.6673427861     
   133.399996400440        14383.2910537979     
   133.499996394503        14382.9241248061     
   133.599996388566        14382.5663258564     
   133.699996382629        14382.2174325086     
   133.799996376692        14381.8772256944     
   133.899996370756        14381.5454916178     
   133.999996364819        14381.2220216116     
   134.099996358882        14380.9066120389     
   134.199996352945        14380.5990641687     
   134.299996347008        14380.2991840564     
   134.399996341071        14380.0067824610     
   134.499996335135        14379.7216746863     
   134.599996329198        14379.4436805437     
   134.699996323261        14379.1726241760     
   134.799996317324        14378.9083340125     
   134.899996311387        14378.6506426471     
   134.999996305451        14378.3993867177     
   135.099996299514        14378.1544068719     
   135.199996293577        14377.9155476123     
   135.299996287640        14377.6826572237     
   135.399996281703        14377.4555877215     
   135.499996275766        14377.2341947058     
   135.599996269830        14377.0183373012     
   135.699996263893        14376.8078781052     
   135.799996257956        14376.6026830536     
   135.899996252019        14376.4026213531     
   135.999996246082        14376.2075654495     
   136.099996240146        14376.0173908981     
   136.199996234209        14375.8319762928     
   136.299996228272        14375.6512032255     
   136.399996222335        14375.4749562056     
   136.499996216398        14375.3031225678     
   136.599996210461        14375.1355924044     
   136.699996204525        14374.9722585399     
   136.799996198588        14374.8130164349     
   136.899996192651        14374.6577641177     
   136.999996186714        14374.5064021199     
   137.099996180777        14374.3588334404     
   137.199996174841        14374.2149634849     
   137.299996168904        14374.0746999810     
   137.399996162967        14373.9379529347     
   137.499996157030        14373.8046345649     
   137.599996151093        14373.6746592880     
   137.699996145156        14373.5479436330     
   137.799996139220        14373.4244061884     
   137.899996133283        14373.3039675588     
   137.999996127346        14373.1865503064     
   138.099996121409        14373.0720789217     
   138.199996115472        14372.9604797849     
   138.299996109536        14372.8516810869     
   138.399996103599        14372.7456128009     
   138.499996097662        14372.6422066391     
   138.599996091725        14372.5413960024     
   138.699996085788        14372.4431159472     
   138.799996079851        14372.3473031675     
   138.899996073915        14372.2538959159     
   138.999996067978        14372.1628339795     
   139.099996062041        14372.0740586436     
   139.199996056104        14371.9875126548     
   139.299996050167        14371.9031401814     
   139.399996044231        14371.8208867747     
   139.499996038294        14371.7406993681     
   139.599996032357        14371.6625262068     
   139.699996026420        14371.5863168223     
   139.799996020483        14371.5120220035     
   139.899996014546        14371.4395937675     
   139.999996008610        14371.3689853275     
   140.099996002673        14371.3001510645     
   140.199995996736        14371.2330464929     
   140.299995990799        14371.1676282332     
   140.399995984862        14371.1038540120     
   140.499995978926        14371.0416826017     
   140.599995972989        14370.9810738005     
   140.699995967052        14370.9219884113     
   140.799995961115        14370.8643882156     
   140.899995955178        14370.8082359514     
   140.999995949241        14370.7534952870     
   141.099995943305        14370.7001308001     
   141.199995937368        14370.6481079539     
   141.299995931431        14370.5973930733     
   141.399995925494        14370.5479533203     
   141.499995919557        14370.4997566843     
   141.599995913621        14370.4527719713     
   141.699995907684        14370.4069687540     
   141.799995901747        14370.3623173663     
   141.899995895810        14370.3187888846     
   141.999995889873        14370.2763551111     
   142.099995883936        14370.2349885526     
   142.199995878000        14370.1946624045     
   142.299995872063        14370.1553505350     
   142.399995866126        14370.1170274664     
   142.499995860189        14370.0796683581     
   142.599995854252        14370.0432489944     
   142.699995848316        14370.0077457640     
   142.799995842379        14369.9731356498     
   142.899995836442        14369.9393962089     
   142.999995830505        14369.9065055567     
   143.099995824568        14369.8744423601     
   143.199995818631        14369.8431858330     
   143.299995812695        14369.8127157066     
   143.399995806758        14369.7830122152     
   143.499995800821        14369.7540560893     
   143.599995794884        14369.7258285407     
   143.699995788947        14369.6983112574     
   143.799995783011        14369.6714863811     
   143.899995777074        14369.6453365066     
   143.999995771137        14369.6198446615     
   144.099995765200        14369.5949943043     
   144.199995759263        14369.5707693038     
   144.299995753326        14369.5471539351     
   144.399995747390        14369.5241328690     
   144.499995741453        14369.5016911625     
   144.599995735516        14369.4798142445     
   144.699995729579        14369.4584879117     
   144.799995723642        14369.4376983185     
   144.899995717706        14369.4174319641     
   144.999995711769        14369.3976756893     
   145.099995705832        14369.3784166638     
   145.199995699895        14369.3596423801     
   145.299995693958        14369.3413406452     
   145.399995688021        14369.3234995746     
   145.499995682085        14369.3061075766     
   145.599995676148        14369.2891533544     
   145.699995670211        14369.2726258962     
   145.799995664274        14369.2565144576     
   145.899995658337        14369.2408085750     
   145.999995652401        14369.2254980433     
   146.099995646464        14369.2105729265     
   146.199995640527        14369.1960235264     
   146.299995634590        14369.1818403846     
   146.399995628653        14369.1680142906     
   146.499995622716        14369.1545362600     
   146.599995616780        14369.1413975301     
   146.699995610843        14369.1285895640     
   146.799995604906        14369.1161040395     
   146.899995598969        14369.1039328424     
   146.999995593032        14369.0920680621     
   147.099995587096        14369.0805019861     
   147.199995581159        14369.0692270975     
   147.299995575222        14369.0582360676     
   147.399995569285        14369.0475217523     
   147.499995563348        14369.0370771896     
   147.599995557411        14369.0268955861     
   147.699995551475        14369.0169703264     
   147.799995545538        14369.0072949557     
   147.899995539601        14368.9978631878     
   147.999995533664        14368.9886688892     
   148.099995527727        14368.9797060862     
   148.199995521791        14368.9709689493     
   148.299995515854        14368.9624517962     
   148.399995509917        14368.9541490855     
   148.499995503980        14368.9460554297     
   148.599995498043        14368.9381655623     
   148.699995492106        14368.9304743532     
   148.799995486170        14368.9229767941     
   148.899995480233        14368.9156680243     
   148.999995474296        14368.9085432858     
   149.099995468359        14368.9015979343     
   149.199995462422        14368.8948274703     
   149.299995456486        14368.8882274852     
   149.399995450549        14368.8817936795     
   149.499995444612        14368.8755218873     
   149.599995438675        14368.8694080052     
   149.699995432738        14368.8634480836     
   149.799995426802        14368.8576382271     
   149.899995420865        14368.8519746685     
   149.999995414928        14368.8464537210     
