   95.0999986742407        14368.6327684573     
   95.1999986683039        14368.6327684283     
   95.2999986623671        14368.6327683992     
   95.3999986564303        14368.6327683702     
   95.4999986504935        14368.6327683411     
   95.5999986445566        14368.6327683121     
   95.6999986386198        14368.6327682830     
   95.7999986326830        14368.6327682540     
   95.8999986267462        14368.6327682249     
   95.9999986208094        14368.6327681959     
   96.0999986148725        14368.6327681668     
   96.1999986089357        14368.6327681378     
   96.2999986029989        14368.6327681087     
   96.3999985970621        14368.6327680796     
   96.4999985911253        14368.6327680505     
   96.5999985851885        14368.6327680215     
   96.6999985792516        14368.6327679924     
   96.7999985733148        14368.6327679633     
   96.8999985673780        14368.6327679343     
   96.9999985614412        14368.6327679052     
   97.0999985555044        14368.6327678761     
   97.1999985495676        14368.6327678470     
   97.2999985436307        14368.6327678180     
   97.3999985376939        14368.6327677889     
   97.4999985317571        14368.6327677598     
   97.5999985258203        14368.6327677307     
   97.6999985198835        14368.6327677016     
   97.7999985139466        14368.6327676725     
   97.8999985080098        14368.6327676434     
   97.9999985020730        14368.6327676143     
   98.0999984961362        14368.6327675852     
   98.1999984901994        14368.6327675561     
   98.2999984842626        14368.6327675270     
   98.3999984783257        14368.6327674979     
   98.4999984723889        14368.6327674688     
   98.5999984664521        14368.6327674397     
   98.6999984605153        14368.6327674106     
   98.7999984545785        14368.6327673815     
   98.8999984486417        14368.6327673524     
   98.9999984427048        14368.6327673233     
   99.0999984367680        14368.6327672942     
   99.1999984308312        14368.6327672650     
   99.2999984248944        14368.6327672359     
   99.3999984189576        14368.6327672068     
   99.4999984130207        14368.6327671777     
   99.5999984070839        14368.6327671486     
   99.6999984011471        14368.6327671194     
   99.7999983952103        14368.6327670903     
   99.8999983892735        14368.6327670612     
   99.9999983833367        14368.6327670320     
   100.099998377400        14694.6138465692     
   100.199998371463        14966.5235556752     
   100.299998365526        15196.0842619385     
   100.399998359589        15390.5642276571     
   100.499998353653        15555.8038187407     
   100.599998347716        15696.5623472560     
   100.699998341779        15816.7592483316     
   100.799998335842        15919.6513649475     
   100.899998329905        16007.9619934751     
   100.999998323968        16083.9700537899     
   101.099998318032        16149.5660934731     
   101.199998312095        16206.2873800581     
   101.299998306158        16255.3521745459     
   101.399998300221        16297.7107976649     
   101.499998294284        16334.1141844876     
   101.599998288348        16365.1842306658     
   101.699998282411        16391.4689227744     
   101.799998276474        16413.4753926278     
   101.899998270537        16431.6839105182     
   101.999998264600        16446.5498720251     
   102.099998258663        16458.5002928764     
   102.199998252727        16467.9291146586     
   102.299998246790        16475.1935339419     
   102.399998240853        16480.6121585898     
   102.499998234916        16484.4650174532     
   102.599998228979        16486.9950932023     
   102.699998223043        16488.4109319866     
   102.799998217106        16488.8898936359     
   102.899998211169        16488.5816764342     
   102.999998205232        16487.6118428697     
   103.099998199295        16486.0851636345     
   103.199998193358        16484.0886738273     
   103.299998187422        16481.6943930177     
   103.399998181485        16478.9617000899     
   103.499998175548        16475.9393779578     
   103.599998169611        16472.6673562627     
   103.699998163674        16469.1781857708     
   103.799998157738        16465.4982790968     
   103.899998151801        16461.6489507394     
   103.999998145864        16457.6472863899     
   104.099998139927        16453.5068680124     
   104.199998133990        16449.2383776648     
   104.299998128054        16444.8500997299     
   104.399998122117        16440.3483382533     
   104.499998116180        16435.7377634856     
   104.599998110243        16431.0216994765     
   104.699998104306        16426.2023626621     
   104.799998098369        16421.2810597659     
   104.899998092433        16416.2583519627     
   104.999998086496        16411.1341911609     
   105.099998080559        16405.9080331515     
   105.199998074622        16400.5789318280     
   105.299998068685        16395.1456177450     
   105.399998062749        16389.6065638366     
   105.499998056812        16383.9600406529     
   105.599998050875        16378.2041630278     
   105.699998044938        16372.3369297486     
   105.799998039001        16366.3562575347     
   105.899998033064        16360.2600103657     
   105.999998027128        16354.0460249905     
   106.099998021191        16347.7121332869     
   106.199998015254        16341.2561819737     
   106.299998009317        16334.6760500713     
   106.399998003380        16327.9696643962     
   106.499997997444        16321.1350133014     
   106.599997991507        16314.1701588091     
   106.699997985570        16307.0732472467     
   106.799997979633        16299.8425184533     
   106.899997973696        16292.4763136210     
   106.999997967759        16284.9730818189     
   107.099997961823        16277.3313852541     
   107.199997955886        16269.5499033255     
   107.299997949949        16261.6274355429     
   107.399997944012        16253.5629033961     
   107.499997938075        16245.3553512612     
   107.599997932139        16237.0039464625     
   107.699997926202        16228.5079785995     
   107.799997920265        16219.8668582578     
   107.899997914328        16211.0801152280     
   107.999997908391        16202.1473964199     
   108.099997902454        16193.0684634550     
   108.199997896518        16183.8431901556     
   108.299997890581        16174.4715600921     
   108.399997884644        16164.9536640943     
   108.499997878707        16155.2896979765     
   108.599997872770        16145.4799604313     
   108.699997866834        16135.5248512444     
   108.799997860897        16125.4248697631     
   108.899997854960        16115.1806137056     
   108.999997849023        16104.7927782903     
   109.099997843086        16094.2621557114     
   109.199997837149        16083.5896349187     
   109.299997831213        16072.7762017018     
   109.399997825276        16061.8229390505     
   109.499997819339        16050.7310277461     
   109.599997813402        16039.5017471678     
   109.699997807465        16028.1364762592     
   109.799997801529        16016.6366946239     
   109.899997795592        16005.0039837028     
   109.999997789655        15993.2400280022     
   110.099997783718        15981.3466163232     
   110.199997777781        15969.3256429601     
   110.299997771844        15957.1791088317     
   110.399997765908        15944.9091225101     
   110.499997759971        15932.5179011183     
   110.599997754034        15920.0077710647     
   110.699997748097        15907.3811685941     
   110.799997742160        15894.6406401276     
   110.899997736224        15881.7888423765     
   110.999997730287        15868.8285422066     
   111.099997724350        15855.7626162452     
   111.199997718413        15842.5940502162     
   111.299997712476        15829.3259379921     
   111.399997706539        15815.9614803579     
   111.499997700603        15802.5039834830     
   111.599997694666        15788.9568570952     
   111.699997688729        15775.3236123586     
   111.799997682792        15761.6078594568     
   111.899997676855        15747.8133048809     
   111.999997670919        15733.9437484308     
   112.099997664982        15720.0030799330     
   112.199997659045        15705.9952756839     
   112.299997653108        15691.9243946250     
   112.399997647171        15677.7945742635     
   112.499997641234        15663.6100263463     
   112.599997635298        15649.3750323013     
   112.699997629361        15635.0939384579     
   112.799997623424        15620.7711510620     
   112.899997617487        15606.4111310992     
   112.999997611550        15592.0183889427     
   113.099997605614        15577.5974788425     
   113.199997599677        15563.1529932701     
   113.299997593740        15548.6895571400     
   113.399997587803        15534.2118219225     
   113.499997581866        15519.7244596674     
   113.599997575929        15505.2321569570     
   113.699997569993        15490.7396088003     
   113.799997564056        15476.2515125171     
   113.899997558119        15461.7725615623     
   113.999997552182        15447.3074393963     
   114.099997546245        15432.8608133560     
   114.199997540309        15418.4373285677     
   114.299997534372        15404.0416019189     
   114.399997528435        15389.6782161041     
   114.499997522498        15375.3517137624     
   114.599997516561        15361.0665917225     
   114.699997510624        15346.8272953715     
   114.799997504688        15332.6382131638     
   114.899997498751        15318.5036712808     
   114.999997492814        15304.4279284606     
   115.099997486877        15290.4151710048     
   115.199997480940        15276.4695079782     
   115.299997475004        15262.5949666114     
   115.399997469067        15248.7954879165     
   115.499997463130        15235.0749225234     
   115.599997457193        15221.4370267478     
   115.699997451256        15207.8854588957     
   115.799997445319        15194.4237758121     
   115.899997439383        15181.0554296778     
   115.999997433446        15167.7837650583     
   116.099997427509        15154.6120162102     
   116.199997421572        15141.5433046445     
   116.299997415635        15128.5806369491     
   116.399997409699        15115.7269028711     
   116.499997403762        15102.9848736564     
   116.599997397825        15090.3572006478     
   116.699997391888        15077.8464141375     
   116.799997385951        15065.4549224697     
   116.899997380014        15053.1850113897     
   116.999997374078        15041.0388436376     
   117.099997368141        15029.0184587773     
   117.199997362204        15017.1257732543     
   117.299997356267        15005.3625806804     
   117.399997350330        14993.7305523340     
   117.499997344394        14982.2312378669     
   117.599997338457        14970.8660662136     
   117.699997332520        14959.6363466924     
   117.799997326583        14948.5432702900     
   117.899997320646        14937.5879111167     
   117.999997314709        14926.7712280308     
   118.099997308773        14916.0940664139     
   118.199997302836        14905.5571600900     
   118.299997296899        14895.1611333880     
   118.399997290962        14884.9065033169     
   118.499997285025        14874.7936818672     
   118.599997279089        14864.8229784156     
   118.699997273152        14854.9946022185     
   118.799997267215        14845.3086650120     
   118.899997261278        14835.7651836515     
   118.999997255341        14826.3640828439     
   119.099997249404        14817.1051979456     
   119.199997243468        14807.9882778252     
   119.299997237531        14799.0129876928     
   119.399997231594        14790.1789120462     
   119.499997225657        14781.4855575965     
   119.599997219720        14772.9323562265     
   119.699997213784        14764.5186679452     
   119.799997207847        14756.2437838683     
   119.899997201910        14748.1069291690     
   119.999997195973        14740.1072660372     
   120.099997190036        14732.2438966133     
   120.199997184100        14724.5158659035     
   120.299997178163        14716.9221646663     
   120.399997172226        14709.4617322665     
   120.499997166289        14702.1334594970     
   120.599997160352        14694.9361913520     
   120.699997154415        14687.8687297626     
   120.799997148479        14680.9298362807     
   120.899997142542        14674.1182347108     
   120.999997136605        14667.4326136883     
   121.099997130668        14660.8716292017     
   121.199997124731        14654.4339070527     
   121.299997118795        14648.1180452575     
   121.399997112858        14641.9226163832     
   121.499997106921        14635.8461698213     
   121.599997100984        14629.8872339918     
   121.699997095047        14624.0443184857     
   121.799997089110        14618.3159161341     
   121.899997083174        14612.7005050146     
   121.999997077237        14607.1965503839     
   122.099997071300        14601.8025065465     
   122.199997065363        14596.5168186506     
   122.299997059426        14591.3379244206     
   122.399997053490        14586.2642558148     
   122.499997047553        14581.2942406225     
   122.599997041616        14576.4263039889     
   122.699997035679        14571.6588698765     
   122.799997029742        14566.9903624619     
   122.899997023805        14562.4192074644     
   122.999997017869        14557.9438334168     
   123.099997011932        14553.5626728694     
   123.199997005995        14549.2741635353     
   123.299997000058        14545.0767493767     
   123.399996994121        14540.9688816303     
   123.499996988185        14536.9490197809     
   123.599996982248        14533.0156324717     
   123.699996976311        14529.1671983701     
   123.799996970374        14525.4022069724     
   123.899996964437        14521.7191593640     
   123.999996958500        14518.1165689265     
   124.099996952564        14514.5929619978     
   124.199996946627        14511.1468784879     
   124.299996940690        14507.7768724462     
   124.399996934753        14504.4815125890     
   124.499996928816        14501.2593827847     
   124.599996922880        14498.1090824965     
   124.699996916943        14495.0292271899     
   124.799996911006        14492.0184487009     
   124.899996905069        14489.0753955696     
   124.999996899132        14486.1987333395     
   125.099996893195        14483.3871448240     
   125.199996887259        14480.6393303408     
   125.299996881322        14477.9540079185     
   125.399996875385        14475.3299134729     
   125.499996869448        14472.7658009564     
   125.599996863511        14470.2604424823     
   125.699996857575        14467.8126284243     
   125.799996851638        14465.4211674897     
   125.899996845701        14463.0848867761     
   125.999996839764        14460.8026318027     
   126.099996833827        14458.5732665205     
   126.199996827890        14456.3956733108     
   126.299996821954        14454.2687529557     
   126.399996816017        14452.1914246011     
   126.499996810080        14450.1626256972     
   126.599996804143        14448.1813119303     
   126.699996798206        14446.2464571336     
   126.799996792270        14444.3570531914     
   126.899996786333        14442.5121099285     
   126.999996780396        14440.7106549862     
   127.099996774459        14438.9517336917     
   127.199996768522        14437.2344089149     
   127.299996762585        14435.5577609176     
   127.399996756649        14433.9208871934     
   127.499996750712        14432.3229023003     
   127.599996744775        14430.7629376859     
   127.699996738838        14429.2401415064     
   127.799996732901        14427.7536784396     
   127.899996726965        14426.3027294928     
   127.999996721028        14424.8864918058     
   128.099996715091        14423.5041784491     
   128.199996709154        14422.1550182190     
   128.299996703217        14420.8382554276     
   128.399996697280        14419.5531496921     
   128.499996691344        14418.2989757228     
   128.599996685407        14417.0750231015     
   128.699996679470        14415.8805960673     
   128.799996673533        14414.7150132976     
   128.899996667596        14413.5776076820     
   128.999996661660        14412.4677261090     
   129.099996655723        14411.3847292337     
   129.199996649786        14410.3279912655     
   129.299996643849        14409.2968997382     
   129.399996637912        14408.2908552895     
   129.499996631975        14407.3092714447     
   129.599996626039        14406.3515743864     
   129.699996620102        14405.4172027391     
   129.799996614165        14404.5056073538     
   129.899996608228        14403.6162510831     
   129.999996602291        14402.7486085669     
   130.099996596355        14401.9021660185     
   130.199996590418        14401.0764210107     
   130.299996584481        14400.2708822651     
   130.399996578544        14399.4850694398     
   130.499996572607        14398.7185129235     
   130.599996566670        14397.9707536287     
   130.699996560734        14397.2413427894     
   130.799996554797        14396.5298417591     
   130.899996548860        14395.8358218121     
   130.999996542923        14395.1588639473     
   131.099996536986        14394.4985586937     
   131.199996531050        14393.8545059190     
   131.299996525113        14393.2263146411     
   131.399996519176        14392.6136028398     
   131.499996513239        14392.0159972757     
   131.599996507302        14391.4331333083     
   131.699996501365        14390.8646547185     
   131.799996495429        14390.3102135313     
   131.899996489492        14389.7694698417     
   131.999996483555        14389.2420916433     
   132.099996477618        14388.7277546699     
   132.199996471681        14388.2261422244     
   132.299996465745        14387.7369450103     
   132.399996459808        14387.2598609797     
   132.499996453871        14386.7945951850     
   132.599996447934        14386.3408596062     
   132.699996441997        14385.8983730081     
   132.799996436060        14385.4668608067     
   132.899996430124        14385.0460548917     
   132.999996424187        14384.6356935141     
   133.099996418250        14384.2355211333     
   133.199996412313        14383.8452882652     
   133.299996406376        14383.4647513841     
   133.399996400440        14383.0936727384     
   133.499996394503        14382.7318202790     
   133.599996388566        14382.3789674711     
   133.699996382629        14382.0348932289     
   133.799996376692        14381.6993817339     
   133.899996370756        14381.3722223748     
   133.999996364819        14381.0532095659     
   134.099996358882        14380.7421427002     
   134.199996352945        14380.4388259635     
   134.299996347008        14380.1430682975     
   134.399996341071        14379.8546832230     
   134.499996335135        14379.5734887859     
   134.599996329198        14379.2993074290     
   134.699996323261        14379.0319658747     
   134.799996317324        14378.7712950786     
   134.899996311387        14378.5171300622     
   134.999996305451        14378.2693098720     
   135.099996299514        14378.0276774713     
   135.199996293577        14377.7920796150     
   135.299996287640        14377.5623668212     
   135.399996281703        14377.3383932405     
   135.499996275766        14377.1200165593     
   135.599996269830        14376.9070979689     
   135.699996263893        14376.6995020421     
   135.799996257956        14376.4970966430     
   135.899996252019        14376.2997528894     
   135.999996246082        14376.1073450588     
   136.099996240146        14375.9197504935     
   136.199996234209        14375.7368495347     
   136.299996228272        14375.5585254925     
   136.399996222335        14375.3846645243     
   136.499996216398        14375.2151555748     
   136.599996210461        14375.0498903192     
   136.699996204525        14374.8887631239     
   136.799996198588        14374.7316709367     
   136.899996192651        14374.5785132395     
   136.999996186714        14374.4291919822     
   137.099996180777        14374.2836115641     
   137.199996174841        14374.1416787269     
   137.299996168904        14374.0033025118     
   137.399996162967        14373.8683941979     
   137.499996157030        14373.7368672600     
   137.599996151093        14373.6086373346     
   137.699996145156        14373.4836221272     
   137.799996139220        14373.3617413796     
   137.899996133283        14373.2429168174     
   137.999996127346        14373.1270720952     
   138.099996121409        14373.0141327882     
   138.199996115472        14372.9040263043     
   138.299996109536        14372.7966818476     
   138.399996103599        14372.6920303785     
   138.499996097662        14372.5900045684     
   138.599996091725        14372.4905387501     
   138.699996085788        14372.3935689115     
   138.799996079851        14372.2990326265     
   138.899996073915        14372.2068690130     
   138.999996067978        14372.1170187026     
   139.099996062041        14372.0294238039     
   139.199996056104        14371.9440278642     
   139.299996050167        14371.8607758272     
   139.399996044231        14371.7796140170     
   139.499996038294        14371.7004901085     
   139.599996032357        14371.6233530645     
   139.699996026420        14371.5481531207     
   139.799996020483        14371.4748417519     
   139.899996014546        14371.4033716431     
   139.999996008610        14371.3336966600     
   140.099996002673        14371.2657718154     
   140.199995996736        14371.1995532377     
   140.299995990799        14371.1349981612     
   140.399995984862        14371.0720648982     
   140.499995978926        14371.0107127887     
   140.599995972989        14370.9509021877     
   140.699995967052        14370.8925944413     
   140.799995961115        14370.8357518595     
   140.899995955178        14370.7803376958     
   140.999995949241        14370.7263161206     
   141.099995943305        14370.6736522007     
   141.199995937368        14370.6223118758     
   141.299995931431        14370.5722619309     
   141.399995925494        14370.5234699819     
   141.499995919557        14370.4759044709     
   141.599995913621        14370.4295346245     
   141.699995907684        14370.3843304330     
   141.799995901747        14370.3402626382     
   141.899995895810        14370.2973027151     
   141.999995889873        14370.2554228510     
   142.099995883936        14370.2145959304     
   142.199995878000        14370.1747955167     
   142.299995872063        14370.1359958352     
   142.399995866126        14370.0981717569     
   142.499995860189        14370.0612987820     
   142.599995854252        14370.0253530245     
   142.699995848316        14369.9903111973     
   142.799995842379        14369.9561505954     
   142.899995836442        14369.9228490798     
   142.999995830505        14369.8903850661     
   143.099995824568        14369.8587375155     
   143.199995818631        14369.8278859273     
   143.299995812695        14369.7978103028     
   143.399995806758        14369.7684911462     
   143.499995800821        14369.7399094487     
   143.599995794884        14369.7120466797     
   143.699995788947        14369.6848847723     
   143.799995783011        14369.6584061140     
   143.899995777074        14369.6325935318     
   143.999995771137        14369.6074302872     
   144.099995765200        14369.5829000586     
   144.199995759263        14369.5589869350     
   144.299995753326        14369.5356754045     
   144.399995747390        14369.5129503449     
   144.499995741453        14369.4907970132     
   144.599995735516        14369.4692010376     
   144.699995729579        14369.4481484044     
   144.799995723642        14369.4276254533     
   144.899995717706        14369.4076188691     
   144.999995711769        14369.3881156673     
   145.099995705832        14369.3691031892     
   145.199995699895        14369.3505690974     
   145.299995693958        14369.3325013624     
   145.399995688021        14369.3148882583     
   145.499995682085        14369.2977183472     
   145.599995676148        14369.2809804904     
   145.699995670211        14369.2646638111     
   145.799995664274        14369.2487577204     
   145.899995658337        14369.2332518873     
   145.999995652401        14369.2181362562     
   146.099995646464        14369.2034010109     
   146.199995640527        14369.1890365867     
   146.299995634590        14369.1750336547     
   146.399995628653        14369.1613831202     
   146.499995622716        14369.1480761203     
   146.599995616780        14369.1351040147     
   146.699995610843        14369.1224583763     
   146.799995604906        14369.1101309922     
   146.899995598969        14369.0981138545     
   146.999995593032        14369.0863991603     
   147.099995587096        14369.0749793019     
   147.199995581159        14369.0638468604     
   147.299995575222        14369.0529946049     
   147.399995569285        14369.0424154861     
   147.499995563348        14369.0321026298     
   147.599995557411        14369.0220493400     
   147.699995551475        14369.0122490836     
   147.799995545538        14369.0026954948     
   147.899995539601        14368.9933823684     
   147.999995533664        14368.9843036482     
   148.099995527727        14368.9754534386     
   148.199995521791        14368.9668259916     
   148.299995515854        14368.9584157033     
   148.399995509917        14368.9502171091     
   148.499995503980        14368.9422248746     
   148.599995498043        14368.9344338095     
   148.699995492106        14368.9268388578     
   148.799995486170        14368.9194350830     
   148.899995480233        14368.9122176628     
   148.999995474296        14368.9051819230     
   149.099995468359        14368.8983232859     
   149.199995462422        14368.8916372844     
   149.299995456486        14368.8851195898     
   149.399995450549        14368.8787659548     
   149.499995444612        14368.8725722544     
   149.599995438675        14368.8665344708     
   149.699995432738        14368.8606486597     
   149.799995426802        14368.8549110247     
   149.899995420865        14368.8493178059     
   149.999995414928        14368.8438653967     
