   95.0999986742407        14368.6327684573     
   95.1999986683039        14368.6327684283     
   95.2999986623671        14368.6327683992     
   95.3999986564303        14368.6327683702     
   95.4999986504935        14368.6327683411     
   95.5999986445566        14368.6327683121     
   95.6999986386198        14368.6327682830     
   95.7999986326830        14368.6327682540     
   95.8999986267462        14368.6327682249     
   95.9999986208094        14368.6327681959     
   96.0999986148725        14368.6327681668     
   96.1999986089357        14368.6327681378     
   96.2999986029989        14368.6327681087     
   96.3999985970621        14368.6327680796     
   96.4999985911253        14368.6327680506     
   96.5999985851885        14368.6327680215     
   96.6999985792516        14368.6327679924     
   96.7999985733148        14368.6327679633     
   96.8999985673780        14368.6327679343     
   96.9999985614412        14368.6327679052     
   97.0999985555044        14368.6327678761     
   97.1999985495676        14368.6327678470     
   97.2999985436307        14368.6327678180     
   97.3999985376939        14368.6327677889     
   97.4999985317571        14368.6327677598     
   97.5999985258203        14368.6327677307     
   97.6999985198835        14368.6327677016     
   97.7999985139466        14368.6327676725     
   97.8999985080098        14368.6327676434     
   97.9999985020730        14368.6327676143     
   98.0999984961362        14368.6327675852     
   98.1999984901994        14368.6327675561     
   98.2999984842626        14368.6327675270     
   98.3999984783257        14368.6327674979     
   98.4999984723889        14368.6327674688     
   98.5999984664521        14368.6327674397     
   98.6999984605153        14368.6327674106     
   98.7999984545785        14368.6327673815     
   98.8999984486417        14368.6327673524     
   98.9999984427048        14368.6327673233     
   99.0999984367680        14368.6327672942     
   99.1999984308312        14368.6327672650     
   99.2999984248944        14368.6327672359     
   99.3999984189576        14368.6327672068     
   99.4999984130207        14368.6327671777     
   99.5999984070839        14368.6327671485     
   99.6999984011471        14368.6327671194     
   99.7999983952103        14368.6327670903     
   99.8999983892735        14368.6327670612     
   99.9999983833367        14368.6327670320     
   100.099998377400        14368.6405729675     
   100.199998371463        14368.6890570712     
   100.299998365526        14368.8066417301     
   100.399998359589        14369.0153592819     
   100.499998353653        14369.3359089361     
   100.599998347716        14369.7910148185     
   100.699998341779        14370.4078119744     
   100.799998335842        14371.2192519811     
   100.899998329905        14372.2637415074     
   100.999998323968        14373.5813714198     
   101.099998318032        14375.2046685641     
   101.199998312095        14377.1431424775     
   101.299998306158        14379.3651912685     
   101.399998300221        14381.7863195675     
   101.499998294284        14384.2732031357     
   101.599998288348        14386.6653459765     
   101.699998282411        14388.8056507700     
   101.799998276474        14390.5674113084     
   101.899998270537        14391.8696870499     
   101.999998264600        14392.6800535198     
   102.099998258663        14393.0082539474     
   102.199998252727        14392.8953599443     
   102.299998246790        14392.4021037695     
   102.399998240853        14391.5985702608     
   102.499998234916        14390.5562048796     
   102.599998228979        14389.3422963820     
   102.699998223043        14388.0166612497     
   102.799998217106        14386.6300724523     
   102.899998211169        14385.2239404938     
   102.999998205232        14383.8308038761     
   103.099998199295        14382.4752746073     
   103.199998193358        14381.1751812425     
   103.299998187422        14379.9427395983     
   103.399998181485        14378.7856503242     
   103.499998175548        14377.7080721801     
   103.599998169611        14376.7114524479     
   103.699998163674        14375.7952154941     
   103.799998157738        14374.9573210143     
   103.899998151801        14374.1947082610     
   103.999998145864        14373.5036436059     
   104.099998139927        14372.8799881422     
   104.199998133990        14372.3194002807     
   104.299998128054        14371.8174862621     
   104.399998122117        14371.3699094360     
   104.499998116180        14370.9724672657     
   104.599998110243        14370.6211433304     
   104.699998104306        14370.3121401704     
   104.799998098369        14370.0418976312     
   104.899998092433        14369.8071003819     
   104.999998086496        14369.6046774792     
   105.099998080559        14369.4317962250     
   105.199998074622        14369.2858520433     
   105.299998068685        14369.1644557032     
   105.399998062749        14369.0654188896     
   105.499998056812        14368.9867388864     
   105.599998050875        14368.9265829297     
   105.699998044938        14368.8832726486     
   105.799998039001        14368.8552688923     
   105.899998033064        14368.8411571620     
   105.999998027128        14368.8396337935     
   106.099998021191        14368.8494929819     
   106.199998015254        14368.8696147832     
   106.299998009317        14368.8989540041     
   106.399998003380        14368.9365301623     
   106.499997997444        14368.9814184366     
   106.599997991507        14369.0327416542     
   106.699997985570        14369.0896633138     
   106.799997979633        14369.1513816461     
   106.899997973696        14369.2171247066     
   106.999997967759        14369.2861464957     
   107.099997961823        14369.3577240841     
   107.199997955886        14369.4311557097     
   107.299997949949        14369.5057598256     
   107.399997944012        14369.5808750392     
   107.499997938075        14369.6558608001     
   107.599997932139        14369.7300989728     
   107.699997926202        14369.8029958922     
   107.799997920265        14369.8739850074     
   107.899997914328        14369.9425299109     
   107.999997908391        14370.0081276167     
   108.099997902454        14370.0703119387     
   108.199997896518        14370.1286568362     
   108.299997890581        14370.1827795720     
   108.399997884644        14370.2323435469     
   108.499997878707        14370.2770607084     
   108.599997872770        14370.3166934021     
   108.699997866834        14370.3510555825     
   108.799997860897        14370.3800133757     
   108.899997854960        14370.4034849087     
   108.999997849023        14370.4214393909     
   109.099997843086        14370.4338955287     
   109.199997837149        14370.4409192660     
   109.299997831213        14370.4426209261     
   109.399997825276        14370.4391518469     
   109.499997819339        14370.4307005265     
   109.599997813402        14370.4174885280     
   109.699997807465        14370.3997660663     
   109.799997801529        14370.3778075273     
   109.899997795592        14370.3519068938     
   109.999997789655        14370.3223732768     
   110.099997783718        14370.2895265505     
   110.199997777781        14370.2536931818     
   110.299997771844        14370.2152023410     
   110.399997765908        14370.1743823075     
   110.499997759971        14370.1315572127     
   110.599997754034        14370.0870441298     
   110.699997748097        14370.0411505463     
   110.799997742160        14369.9941722171     
   110.899997736224        14369.9463913744     
   110.999997730287        14369.8980752163     
   111.099997724350        14369.8494748829     
   111.199997718413        14369.8008245801     
   111.299997712476        14369.7523411503     
   111.399997706539        14369.7042236747     
   111.499997700603        14369.6566535528     
   111.599997694666        14369.6097945751     
   111.699997688729        14369.5637933085     
   111.799997682792        14369.5187795588     
   111.899997676855        14369.4748669152     
   111.999997670919        14369.4321534849     
   112.099997664982        14369.3907226358     
   112.199997659045        14369.3506438116     
   112.299997653108        14369.3119733559     
   112.399997647171        14369.2747553844     
   112.499997641234        14369.2390226814     
   112.599997635298        14369.2047975630     
   112.699997629361        14369.1720927338     
   112.799997623424        14369.1409121301     
   112.899997617487        14369.1112517327     
   112.999997611550        14369.0831003501     
   113.099997605614        14369.0564403648     
   113.199997599677        14369.0312484573     
   113.299997593740        14369.0074962639     
   113.399997587803        14368.9851510151     
   113.499997581866        14368.9641761286     
   113.599997575929        14368.9445317624     
   113.699997569993        14368.9261753217     
   113.799997564056        14368.9090619408     
   113.899997558119        14368.8931449448     
   113.999997552182        14368.8783762188     
   114.099997546245        14368.8647065878     
   114.199997540309        14368.8520861547     
   114.299997534372        14368.8404646112     
   114.399997528435        14368.8297915151     
   114.499997522498        14368.8200165419     
   114.599997516561        14368.8110897029     
   114.699997510624        14368.8029615621     
   114.799997504688        14368.7955834327     
   114.899997498751        14368.7889074923     
   114.999997492814        14368.7828869791     
   115.099997486877        14368.7774762602     
   115.199997480940        14368.7726310017     
   115.299997475004        14368.7683082031     
   115.399997469067        14368.7644663162     
   115.499997463130        14368.7610652912     
   115.599997457193        14368.7580666319     
   115.699997451256        14368.7554334513     
   115.799997445319        14368.7531305156     
   115.899997439383        14368.7511242353     
   115.999997433446        14368.7493826948     
   116.099997427509        14368.7478756570     
   116.199997421572        14368.7465745669     
   116.299997415635        14368.7454525393     
   116.399997409699        14368.7444843459     
   116.499997403762        14368.7436463987     
   116.599997397825        14368.7429167130     
   116.699997391888        14368.7422748931     
   116.799997385951        14368.7417020867     
   116.899997380014        14368.7411809462     
   116.999997374078        14368.7406955935     
   117.099997368141        14368.7402315677     
   117.199997362204        14368.7397760184     
   117.299997356267        14368.7393166261     
   117.399997350330        14368.7388432239     
   117.499997344394        14368.7383465254     
   117.599997338457        14368.7378183841     
   117.699997332520        14368.7372517650     
   117.799997326583        14368.7366406974     
   117.899997320646        14368.7359801891     
   117.999997314709        14368.7352661486     
   118.099997308773        14368.7344953958     
   118.199997302836        14368.7336655331     
   118.299997296899        14368.7327749339     
   118.399997290962        14368.7318226506     
   118.499997285025        14368.7308083973     
   118.599997279089        14368.7297324699     
   118.699997273152        14368.7285957058     
   118.799997267215        14368.7273994088     
   118.899997261278        14368.7261453420     
   118.999997255341        14368.7248356412     
   119.099997249404        14368.7234727905     
   119.199997243468        14368.7220595510     
   119.299997237531        14368.7205989658     
   119.399997231594        14368.7190942658     
   119.499997225657        14368.7175488777     
   119.599997219720        14368.7159663724     
   119.699997213784        14368.7143503831     
   119.799997207847        14368.7127046776     
   119.899997201910        14368.7110330388     
   119.999997195973        14368.7093392642     
   120.099997190036        14368.7076271308     
   120.199997184100        14368.7059004448     
   120.299997178163        14368.7041628879     
   120.399997172226        14368.7024181498     
   120.499997166289        14368.7006696327     
   120.599997160352        14368.6989210281     
   120.699997154415        14368.6971755314     
   120.799997148479        14368.6954363760     
   120.899997142542        14368.6937066677     
   120.999997136605        14368.6919893005     
   121.099997130668        14368.6902870337     
   121.199997124731        14368.6886025102     
   121.299997118795        14368.6869381918     
   121.399997112858        14368.6852963256     
   121.499997106921        14368.6836790420     
   121.599997100984        14368.6820883121     
   121.699997095047        14368.6805258917     
   121.799997089110        14368.6789934103     
   121.899997083174        14368.6774923016     
   121.999997077237        14368.6760238538     
   122.099997071300        14368.6745891654     
   122.199997065363        14368.6731892552     
   122.299997059426        14368.6718249263     
   122.399997053490        14368.6704968576     
   122.499997047553        14368.6692055757     
   122.599997041616        14368.6679514883     
   122.699997035679        14368.6667348317     
   122.799997029742        14368.6655557639     
   122.899997023805        14368.6644143221     
   122.999997017869        14368.6633104304     
   123.099997011932        14368.6622439248     
   123.199997005995        14368.6612145017     
   123.299997000058        14368.6602218024     
   123.399996994121        14368.6592653778     
   123.499996988185        14368.6583446727     
   123.599996982248        14368.6574590997     
   123.699996976311        14368.6566080016     
   123.799996970374        14368.6557906917     
   123.899996964437        14368.6550063773     
   123.999996958500        14368.6542542567     
   124.099996952564        14368.6535334757     
   124.199996946627        14368.6528431458     
   124.299996940690        14368.6521823589     
   124.399996934753        14368.6515501827     
   124.499996928816        14368.6509456539     
   124.599996922880        14368.6503677927     
   124.699996916943        14368.6498156601     
   124.799996911006        14368.6492882471     
   124.899996905069        14368.6487845702     
   124.999996899132        14368.6483036718     
   125.099996893195        14368.6478445499     
   125.199996887259        14368.6474062599     
   125.299996881322        14368.6469878499     
   125.399996875385        14368.6465883583     
   125.499996869448        14368.6462069054     
   125.599996863511        14368.6458425435     
   125.699996857575        14368.6454944233     
   125.799996851638        14368.6451616682     
   125.899996845701        14368.6448434554     
   125.999996839764        14368.6445389641     
   126.099996833827        14368.6442474324     
   126.199996827890        14368.6439680765     
   126.299996821954        14368.6437002287     
   126.399996816017        14368.6434431341     
   126.499996810080        14368.6431962052     
   126.599996804143        14368.6429586989     
   126.699996798206        14368.6427300146     
   126.799996792270        14368.6425096577     
   126.899996786333        14368.6422969914     
   126.999996780396        14368.6420915317     
   127.099996774459        14368.6418927181     
   127.199996768522        14368.6417002683     
   127.299996762585        14368.6415135863     
   127.399996756649        14368.6413322863     
   127.499996750712        14368.6411559902     
   127.599996744775        14368.6409844823     
   127.699996738838        14368.6408172562     
   127.799996732901        14368.6406540378     
   127.899996726965        14368.6404945996     
   127.999996721028        14368.6403386826     
   128.099996715091        14368.6401859863     
   128.199996709154        14368.6400361720     
   128.299996703217        14368.6398894677     
   128.399996697280        14368.6397451553     
   128.499996691344        14368.6396035329     
   128.599996685407        14368.6394642236     
   128.699996679470        14368.6393270486     
   128.799996673533        14368.6391919623     
   128.899996667596        14368.6390588672     
   128.999996661660        14368.6389277241     
   129.099996655723        14368.6387984363     
   129.199996649786        14368.6386709706     
   129.299996643849        14368.6385452555     
   129.399996637912        14368.6384212186     
   129.499996631975        14368.6382988041     
   129.599996626039        14368.6381779438     
   129.699996620102        14368.6380586501     
   129.799996614165        14368.6379408589     
   129.899996608228        14368.6378245762     
   129.999996602291        14368.6377099798     
   130.099996596355        14368.6375970284     
   130.199996590418        14368.6374855560     
   130.299996584481        14368.6373755982     
   130.399996578544        14368.6372671807     
   130.499996572607        14368.6371602899     
   130.599996566670        14368.6370549213     
   130.699996560734        14368.6369512389     
   130.799996554797        14368.6368493003     
   130.899996548860        14368.6367489712     
   130.999996542923        14368.6366502491     
   131.099996536986        14368.6365531365     
   131.199996531050        14368.6364576737     
   131.299996525113        14368.6363639103     
   131.399996519176        14368.6362718411     
   131.499996513239        14368.6361814629     
   131.599996507302        14368.6360927740     
   131.699996501365        14368.6360057733     
   131.799996495429        14368.6359205169     
   131.899996489492        14368.6358370162     
   131.999996483555        14368.6357552585     
   132.099996477618        14368.6356752314     
   132.199996471681        14368.6355970149     
   132.299996465745        14368.6355205243     
   132.399996459808        14368.6354457381     
   132.499996453871        14368.6353726423     
   132.599996447934        14368.6353012899     
   132.699996441997        14368.6352316662     
   132.799996436060        14368.6351637431     
   132.899996430124        14368.6350974917     
   132.999996424187        14368.6350328816     
   133.099996418250        14368.6349698808     
   133.199996412313        14368.6349084548     
   133.299996406376        14368.6348485964     
   133.399996400440        14368.6347903888     
   133.499996394503        14368.6347339369     
   133.599996388566        14368.6346790189     
   133.699996382629        14368.6346255783     
   133.799996376692        14368.6345735552     
   133.899996370756        14368.6345228854     
   133.999996364819        14368.6344737727     
   134.099996358882        14368.6344262058     
   134.199996352945        14368.6343798466     
   134.299996347008        14368.6343347201     
   134.399996341071        14368.6342910644     
   134.499996335135        14368.6342489101     
   134.599996329198        14368.6342077965     
   134.699996323261        14368.6341677788     
   134.799996317324        14368.6341294014     
   134.899996311387        14368.6340918059     
   134.999996305451        14368.6340554261     
   135.099996299514        14368.6340202801     
   135.199996293577        14368.6339857193     
   135.299996287640        14368.6339528524     
   135.399996281703        14368.6339204691     
   135.499996275766        14368.6338895463     
   135.599996269830        14368.6338592292     
   135.699996263893        14368.6338301254     
   135.799996257956        14368.6338015986     
   135.899996252019        14368.6337743137     
   135.999996246082        14368.6337472581     
   136.099996240146        14368.6337217923     
   136.199996234209        14368.6336963264     
   136.299996228272        14368.6336721833     
   136.399996222335        14368.6336485365     
   136.499996216398        14368.6336250706     
   136.599996210461        14368.6336032427     
   136.699996204525        14368.6335814149     
   136.799996198588        14368.6335603624     
   136.899996192651        14368.6335403535     
   136.999996186714        14368.6335203446     
   137.099996180777        14368.6335009743     
   137.199996174841        14368.6334827844     
   137.299996168904        14368.6334645945     
   137.399996162967        14368.6334464046     
   137.499996157030        14368.6334296182     
   137.599996151093        14368.6334132472     
   137.699996145156        14368.6333968763     
   137.799996139220        14368.6333805054     
   137.899996133283        14368.6333651238     
   137.999996127346        14368.6333505719     
   138.099996121409        14368.6333360200     
   138.199996115472        14368.6333214681     
   138.299996109536        14368.6333069161     
   138.399996103599        14368.6332934483     
   138.499996097662        14368.6332807153     
   138.599996091725        14368.6332679824     
   138.699996085788        14368.6332552495     
   138.799996079851        14368.6332425166     
   138.899996073915        14368.6332303380     
   138.999996067978        14368.6332194241     
   139.099996062041        14368.6332085102     
   139.199996056104        14368.6331975962     
   139.299996050167        14368.6331866823     
   139.399996044231        14368.6331757684     
   139.499996038294        14368.6331648544     
   139.599996032357        14368.6331545024     
   139.699996026420        14368.6331454074     
   139.799996020483        14368.6331363125     
   139.899996014546        14368.6331272175     
   139.999996008610        14368.6331181226     
   140.099996002673        14368.6331090276     
   140.199995996736        14368.6330999327     
   140.299995990799        14368.6330908377     
   140.399995984862        14368.6330817428     
   140.499995978926        14368.6330729030     
   140.599995972989        14368.6330656271     
   140.699995967052        14368.6330583511     
   140.799995961115        14368.6330510751     
   140.899995955178        14368.6330437992     
   140.999995949241        14368.6330365232     
   141.099995943305        14368.6330292473     
   141.199995937368        14368.6330219713     
   141.299995931431        14368.6330146953     
   141.399995925494        14368.6330074194     
   141.499995919557        14368.6330001434     
   141.599995913621        14368.6329928675     
   141.699995907684        14368.6329861296     
   141.799995901747        14368.6329806043     
   141.899995895810        14368.6329751473     
   141.999995889873        14368.6329696903     
   142.099995883936        14368.6329642334     
   142.199995878000        14368.6329587764     
   142.299995872063        14368.6329533194     
   142.399995866126        14368.6329478624     
   142.499995860189        14368.6329424055     
   142.599995854252        14368.6329369485     
   142.699995848316        14368.6329314915     
   142.799995842379        14368.6329260346     
   142.899995836442        14368.6329205776     
   142.999995830505        14368.6329166686     
   143.099995824568        14368.6329129952     
   143.199995818631        14368.6329093572     
   143.299995812695        14368.6329057192     
   143.399995806758        14368.6329020812     
   143.499995800821        14368.6328984433     
   143.599995794884        14368.6328948053     
   143.699995788947        14368.6328911673     
   143.799995783011        14368.6328875293     
   143.899995777074        14368.6328838914     
   143.999995771137        14368.6328802534     
   144.099995765200        14368.6328766154     
   144.199995759263        14368.6328729774     
   144.299995753326        14368.6328693394     
   144.399995747390        14368.6328657015     
   144.499995741453        14368.6328620635     
   144.599995735516        14368.6328584255     
   144.699995729579        14368.6328552820     
   144.799995723642        14368.6328529384     
   144.899995717706        14368.6328506678     
   144.999995711769        14368.6328484682     
   145.099995705832        14368.6328463380     
   145.199995699895        14368.6328442426     
   145.299995693958        14368.6328421899     
   145.399995688021        14368.6328402013     
   145.499995682085        14368.6328382749     
   145.599995676148        14368.6328364092     
   145.699995670211        14368.6328345877     
   145.799995664274        14368.6328327687     
   145.899995658337        14368.6328309498     
   145.999995652401        14368.6328291308     
   146.099995646464        14368.6328273118     
   146.199995640527        14368.6328254928     
   146.299995634590        14368.6328236738     
   146.399995628653        14368.6328218548     
   146.499995622716        14368.6328200358     
   146.599995616780        14368.6328182168     
   146.699995610843        14368.6328163978     
   146.799995604906        14368.6328145789     
   146.899995598969        14368.6328127599     
   146.999995593032        14368.6328109409     
   147.099995587096        14368.6328091219     
   147.199995581159        14368.6328073029     
   147.299995575222        14368.6328054839     
   147.399995569285        14368.6328036649     
   147.499995563348        14368.6328018459     
   147.599995557411        14368.6328000269     
   147.699995551475        14368.6327982080     
   147.799995545538        14368.6327963890     
   147.899995539601        14368.6327945700     
   147.999995533664        14368.6327929204     
   148.099995527727        14368.6327919374     
   148.199995521791        14368.6327909541     
   148.299995515854        14368.6327899846     
   148.399995509917        14368.6327890538     
   148.499995503980        14368.6327881502     
   148.599995498043        14368.6327872726     
   148.699995492106        14368.6327864204     
   148.799995486170        14368.6327855928     
   148.899995480233        14368.6327847893     
   148.999995474296        14368.6327840092     
   149.099995468359        14368.6327832518     
   149.199995462422        14368.6327825166     
   149.299995456486        14368.6327818029     
   149.399995450549        14368.6327811102     
   149.499995444612        14368.6327804256     
   149.599995438675        14368.6327797176     
   149.699995432738        14368.6327790289     
   149.799995426802        14368.6327783591     
   149.899995420865        14368.6327777077     
   149.999995414928        14368.6327770743     
